# of Z     13
# of Data  9
Data Name  CZ0 HZ0 HF0 CZ1 HZ1 HF1 CZ2 HZ2 HF2
x-Ax Name  Height (cm)
y-Ax Name  Temperature (C)
Lz         16.45 10*35 2*16.625
Pz
1          291.00	291.00	291.00	291.00	291.00	291.00	291.00	291.00	291.00
2          291.78	291.78	291.78	291.71	291.73	291.72	291.69	291.71	291.71
3          294.06	294.07	294.07	293.92	293.95	293.95	293.87	293.90	293.90
4          297.48	297.50	297.49	297.36	297.39	297.39	297.31	297.35	297.35
5          301.42	301.44	301.43	301.36	301.40	301.39	301.32	301.37	301.37
6          305.54	305.57	305.56	305.57	305.59	305.59	305.55	305.59	305.58
7          309.34	309.38	309.37	309.45	309.46	309.46	309.45	309.48	309.47
8          312.79	312.83	312.81	312.95	312.95	312.94	312.97	312.98	312.98
9          315.69	315.71	315.70	315.85	315.84	315.84	315.88	315.88	315.88
10         317.84	317.85	317.84	317.97	317.96	317.96	318.00	317.99	317.99
11         319.15	319.16	319.16	319.21	319.20	319.20	319.22	319.22	319.22
12         319.59	319.59	319.59	319.59	319.59	319.59	319.59	319.59	319.59
13         319.59	319.59	319.59	319.59	319.59	319.59	319.59	319.59	319.59

291.00	291.00	291.00	291.00	291.00	291.00	291.00	291.00	291.00
414.27	414.62	414.50	402.72	404.92	404.86	399.43	401.68	401.62
548.62	549.46	549.16	546.84	547.87	547.72	545.26	546.98	546.84
642.96	644.15	643.72	648.41	648.44	648.24	648.57	649.43	649.25
688.12	689.28	688.84	697.55	696.76	696.59	699.16	698.96	698.81
693.47	694.20	693.91	703.41	702.15	702.06	705.79	704.69	704.63
670.23	670.27	670.24	678.05	676.67	676.68	680.47	678.85	678.88
625.90	625.22	625.47	629.92	628.73	628.85	631.69	630.04	630.15
564.00	562.85	563.27	563.44	562.75	562.93	564.13	562.91	563.07
486.66	485.50	485.94	481.61	481.66	481.83	481.09	480.66	480.81
400.22	399.52	399.78	390.07	391.19	391.28	388.19	388.91	388.98
321.33	321.33	321.33	321.33	321.33	321.33	321.33	321.33	321.33
321.33	321.33	321.33	321.33	321.33	321.33	321.33	321.33	321.33

291.00	291.00	291.00	291.00	291.00	291.00	291.00	291.00	291.00
486.92	487.49	487.30	467.90	471.50	471.40	462.50	466.19	466.09
715.16	716.63	716.12	712.15	713.93	713.67	709.41	712.41	712.15
881.06	883.19	882.42	891.03	891.04	890.69	891.35	892.87	892.55
960.20	962.30	961.52	977.53	976.06	975.75	980.52	980.10	979.84
966.76	968.07	967.56	984.95	982.63	982.46	989.36	987.30	987.19
921.38	921.44	921.40	935.55	933.02	933.05	939.97	936.99	937.05
838.67	837.42	837.87	845.76	843.63	843.85	848.95	845.95	846.16
726.56	724.52	725.27	725.46	724.25	724.57	726.66	724.50	724.79
591.22	589.24	589.98	582.55	582.62	582.92	581.65	580.92	581.17
446.45	445.31	445.73	429.98	431.79	431.94	426.94	428.10	428.22
321.33	321.33	321.33	321.33	321.33	321.33	321.33	321.33	321.33
321.33	321.33	321.33	321.33	321.33	321.33	321.33	321.33	321.33

291.00	291.00	291.00	291.00	291.00	291.00	291.00	291.00	291.00
345.79	345.94	345.89	341.00	341.91	341.89	339.62	340.56	340.54
398.52	398.83	398.72	397.80	398.19	398.13	397.20	397.84	397.79
433.21	433.62	433.47	434.96	434.99	434.92	434.98	435.29	435.23
450.41	450.81	450.66	453.43	453.19	453.13	453.92	453.88	453.83
454.60	454.86	454.76	457.82	457.43	457.40	458.57	458.24	458.22
449.31	449.35	449.33	451.93	451.49	451.49	452.72	452.21	452.22
436.57	436.36	436.44	438.03	437.62	437.66	438.63	438.08	438.12
416.78	416.39	416.53	416.68	416.43	416.49	416.94	416.50	416.56
389.53	389.10	389.26	387.68	387.69	387.75	387.49	387.32	387.38
355.76	355.47	355.58	351.52	351.99	352.03	350.73	351.03	351.06
321.33	321.33	321.33	321.33	321.33	321.33	321.33	321.33	321.33
321.33	321.33	321.33	321.33	321.33	321.33	321.33	321.33	321.33

291.00	291.00	291.00	291.00	291.00	291.00	291.00	291.00	291.00
291.78	291.78	291.78	291.71	291.73	291.72	291.69	291.71	291.71
294.06	294.07	294.07	293.92	293.95	293.95	293.87	293.90	293.90
297.48	297.50	297.49	297.36	297.39	297.39	297.31	297.35	297.35
301.42	301.44	301.43	301.36	301.40	301.39	301.32	301.37	301.37
305.54	305.57	305.56	305.57	305.59	305.59	305.55	305.59	305.58
309.34	309.38	309.37	309.45	309.46	309.46	309.45	309.48	309.47
312.79	312.83	312.81	312.95	312.95	312.94	312.97	312.98	312.98
315.69	315.71	315.70	315.85	315.84	315.84	315.88	315.88	315.88
317.84	317.85	317.84	317.97	317.96	317.96	318.00	317.99	317.99
319.15	319.16	319.16	319.21	319.20	319.20	319.22	319.22	319.22
319.59	319.59	319.59	319.59	319.59	319.59	319.59	319.59	319.59
319.59	319.59	319.59	319.59	319.59	319.59	319.59	319.59	319.59
